5.000000e-02   1.215707e+06 -9.193020e-04
1.000000e-01   1.231728e+05 -8.629717e-04
1.500000e-01   3.227591e+04 -8.089825e-04
2.000000e-01   1.247960e+04 -7.572847e-04
2.500000e-01   5.971771e+03 -7.078289e-04
3.000000e-01   3.270124e+03 -6.605655e-04
3.500000e-01   1.965333e+03 -6.154450e-04
4.000000e-01   1.264404e+03 -5.724179e-04
4.500000e-01   8.568911e+02 -5.314347e-04
5.000000e-01   6.050392e+02 -4.924458e-04
5.500000e-01   4.416260e+02 -4.554018e-04
6.000000e-01   3.313013e+02 -4.202531e-04
6.500000e-01   2.543170e+02 -3.869502e-04
7.000000e-01   1.990762e+02 -3.554436e-04
7.500000e-01   1.584767e+02 -3.256838e-04
8.000000e-01   1.280103e+02 -2.976212e-04
8.500000e-01   1.047256e+02 -2.712064e-04
9.000000e-01   8.663722e+01 -2.463897e-04
9.500000e-01   7.237725e+01 -2.231218e-04
1.000000e+00   6.098307e+01 -2.013530e-04
1.050000e+00   5.176401e+01 -1.810339e-04
1.100000e+00   4.421590e+01 -1.621149e-04
1.150000e+00   3.796481e+01 -1.445466e-04
1.200000e+00   3.272935e+01 -1.282793e-04
1.250000e+00   2.829507e+01 -1.132637e-04
1.300000e+00   2.449671e+01 -9.945009e-05
1.350000e+00   2.120585e+01 -8.678905e-05
1.400000e+00   1.832229e+01 -7.523103e-05
1.450000e+00   1.576799e+01 -6.472652e-05
1.500000e+00   1.348296e+01 -5.522601e-05
1.550000e+00   1.142236e+01 -4.667997e-05
1.600000e+00   9.554603e+00 -3.903889e-05
1.650000e+00   7.859846e+00 -3.225325e-05
1.700000e+00   6.328596e+00 -2.627353e-05
1.750000e+00   4.959969e+00 -2.105021e-05
1.800000e+00   3.759224e+00 -1.653377e-05
1.850000e+00   2.734360e+00 -1.267470e-05
1.900000e+00   1.891883e+00 -9.423472e-06
1.950000e+00   1.232350e+00 -6.730575e-06
2.000000e+00   7.467721e-01 -4.546489e-06
2.050000e+00   4.152123e-01 -2.821695e-06
2.100000e+00   2.084947e-01 -1.506674e-06
2.150000e+00   9.284679e-02 -5.519091e-07
2.200000e+00   3.591361e-02 9.211878e-08
2.250000e+00   1.178372e-02 4.749278e-07
2.300000e+00   3.192578e-03 6.460363e-07
2.350000e+00   6.927547e-04 6.549626e-07
2.400000e+00   1.163077e-04 5.512248e-07
2.450000e+00   1.453205e-05 3.843414e-07
2.500000e+00   1.293369e-06 2.038306e-07
2.550000e+00   7.806510e-08 5.921070e-08
2.600000e+00   3.024396e-09 -1.298002e-18
2.650000e+00   7.072504e-11 7.571680e-08
2.700000e+00   9.321773e-13 3.358794e-07
2.750000e+00   6.416519e-15 8.300060e-07
2.800000e+00   2.119348e-17 1.607615e-06
2.850000e+00   3.058072e-20 2.718225e-06
2.900000e+00   1.737565e-23 4.211353e-06
2.950000e+00   3.466406e-27 6.136519e-06
3.000000e+00   2.139704e-31 8.543241e-06
3.050000e+00   3.555696e-36 1.148104e-05
3.100000e+00   1.365122e-41 1.499942e-05
3.150000e+00   1.023795e-47 1.914792e-05
3.200000e+00   1.247952e-54 2.397605e-05
3.250000e+00   2.021929e-62 2.953332e-05
3.300000e+00   3.495213e-71 3.586926e-05
3.350000e+00   5.072115e-81 4.303338e-05
3.400000e+00   4.758291e-92 5.107521e-05
3.450000e+00   2.171650e-104 6.004425e-05
3.500000e+00   3.540076e-118 6.999003e-05
3.550000e+00   1.473827e-133 8.096207e-05
3.600000e+00   1.089286e-150 9.300989e-05
3.650000e+00   9.639042e-170 1.061830e-04
3.700000e+00   6.668930e-191 1.205309e-04
3.750000e+00   2.276208e-214 1.361032e-04
3.800000e+00   2.331285e-240 1.529493e-04
3.850000e+00   4.191439e-269 1.711187e-04
3.900000e+00   7.424299e-301 1.906611e-04
3.950000e+00   0.000000e+00 2.116258e-04
4.000000e+00   0.000000e+00 2.340625e-04
4.050000e+00   0.000000e+00 2.580206e-04
4.100000e+00   0.000000e+00 2.835497e-04
4.150000e+00   0.000000e+00 3.106992e-04
4.200000e+00   0.000000e+00 3.395188e-04
4.250000e+00   0.000000e+00 3.700578e-04
4.300000e+00   0.000000e+00 4.023659e-04
4.350000e+00   0.000000e+00 4.364926e-04
4.400000e+00   0.000000e+00 4.724873e-04
4.450000e+00   0.000000e+00 5.103995e-04
4.500000e+00   0.000000e+00 5.502789e-04
4.550000e+00   0.000000e+00 5.921750e-04
4.600000e+00   0.000000e+00 6.361371e-04
4.650000e+00   0.000000e+00 6.822149e-04
4.700000e+00   0.000000e+00 7.304579e-04
4.750000e+00   0.000000e+00 7.809156e-04
4.800000e+00   0.000000e+00 8.336375e-04
4.850000e+00   0.000000e+00 8.886732e-04
4.900000e+00   0.000000e+00 9.460720e-04
4.950000e+00   0.000000e+00 1.005884e-03
5.000000e+00   0.000000e+00 1.068158e-03
5.050000e+00   0.000000e+00 1.132943e-03
5.100000e+00   0.000000e+00 1.200290e-03
5.150000e+00   0.000000e+00 1.270248e-03
5.200000e+00   0.000000e+00 1.342867e-03
5.250000e+00   0.000000e+00 1.418195e-03
5.300000e+00   0.000000e+00 1.496282e-03
5.350000e+00   0.000000e+00 1.577179e-03
5.400000e+00   0.000000e+00 1.660934e-03
5.450000e+00   0.000000e+00 1.747597e-03
5.500000e+00   0.000000e+00 1.837217e-03
5.550000e+00   0.000000e+00 1.929844e-03
5.600000e+00   0.000000e+00 2.025528e-03
5.650000e+00   0.000000e+00 2.124318e-03
5.700000e+00   0.000000e+00 2.226263e-03
5.750000e+00   0.000000e+00 2.331414e-03
5.800000e+00   0.000000e+00 2.439819e-03
5.850000e+00   0.000000e+00 2.551528e-03
5.900000e+00   0.000000e+00 2.666591e-03
5.950000e+00   0.000000e+00 2.785056e-03
6.000000e+00   0.000000e+00 2.906975e-03
6.050000e+00   0.000000e+00 3.032396e-03
6.100000e+00   0.000000e+00 3.161368e-03
6.150000e+00   0.000000e+00 3.293942e-03
6.200000e+00   0.000000e+00 3.430166e-03
6.250000e+00   0.000000e+00 3.570091e-03
6.300000e+00   0.000000e+00 3.713765e-03
6.350000e+00   0.000000e+00 3.861239e-03
6.400000e+00   0.000000e+00 4.012561e-03
6.450000e+00   0.000000e+00 4.167782e-03
6.500000e+00   0.000000e+00 4.326950e-03
6.550000e+00   0.000000e+00 4.490116e-03
6.600000e+00   0.000000e+00 4.657329e-03
6.650000e+00   0.000000e+00 4.828638e-03
6.700000e+00   0.000000e+00 5.004093e-03
6.750000e+00   0.000000e+00 5.183744e-03
6.800000e+00   0.000000e+00 5.367639e-03
6.850000e+00   0.000000e+00 5.555829e-03
6.900000e+00   0.000000e+00 5.748363e-03
6.950000e+00   0.000000e+00 5.945290e-03
7.000000e+00   0.000000e+00 6.146661e-03
7.050000e+00   0.000000e+00 6.352524e-03
7.100000e+00   0.000000e+00 6.562929e-03
7.150000e+00   0.000000e+00 6.777926e-03
7.200000e+00   0.000000e+00 6.997563e-03
7.250000e+00   0.000000e+00 7.221891e-03
7.300000e+00   0.000000e+00 7.450960e-03
7.350000e+00   0.000000e+00 7.684818e-03
7.400000e+00   0.000000e+00 7.923515e-03
7.450000e+00   0.000000e+00 8.167101e-03
7.500000e+00   0.000000e+00 8.415625e-03
7.550000e+00   0.000000e+00 8.669137e-03
7.600000e+00   0.000000e+00 8.927686e-03
7.650000e+00   0.000000e+00 9.191322e-03
7.700000e+00   0.000000e+00 9.460094e-03
7.750000e+00   0.000000e+00 9.734052e-03
7.800000e+00   0.000000e+00 1.001325e-02
7.850000e+00   0.000000e+00 1.029772e-02
7.900000e+00   0.000000e+00 1.058754e-02
7.950000e+00   0.000000e+00 1.088273e-02
8.000000e+00   0.000000e+00 1.118336e-02
8.050000e+00   0.000000e+00 1.148947e-02
8.100000e+00   0.000000e+00 1.180112e-02
8.150000e+00   0.000000e+00 1.211835e-02
8.200000e+00   0.000000e+00 1.244120e-02
8.250000e+00   0.000000e+00 1.276974e-02
8.300000e+00   0.000000e+00 1.310401e-02
8.350000e+00   0.000000e+00 1.344406e-02
8.400000e+00   0.000000e+00 1.378994e-02
8.450000e+00   0.000000e+00 1.414170e-02
8.500000e+00   0.000000e+00 1.449939e-02
8.550000e+00   0.000000e+00 1.486305e-02
8.600000e+00   0.000000e+00 1.523275e-02
8.650000e+00   0.000000e+00 1.560852e-02
8.700000e+00   0.000000e+00 1.599041e-02
8.750000e+00   0.000000e+00 1.637849e-02
8.800000e+00   0.000000e+00 1.677278e-02
8.850000e+00   0.000000e+00 1.717336e-02
8.900000e+00   0.000000e+00 1.758026e-02
8.950000e+00   0.000000e+00 1.799353e-02
9.000000e+00   0.000000e+00 1.841322e-02
9.050000e+00   0.000000e+00 1.883939e-02
9.100000e+00   0.000000e+00 1.927209e-02
9.150000e+00   0.000000e+00 1.971135e-02
9.200000e+00   0.000000e+00 2.015724e-02
9.250000e+00   0.000000e+00 2.060979e-02
9.300000e+00   0.000000e+00 2.106907e-02
9.350000e+00   0.000000e+00 2.153512e-02
9.400000e+00   0.000000e+00 2.200799e-02
9.450000e+00   0.000000e+00 2.248773e-02
9.500000e+00   0.000000e+00 2.297439e-02
9.550000e+00   0.000000e+00 2.346801e-02
9.600000e+00   0.000000e+00 2.396866e-02
9.650000e+00   0.000000e+00 2.447637e-02
9.700000e+00   0.000000e+00 2.499119e-02
9.750000e+00   0.000000e+00 2.551319e-02
9.800000e+00   0.000000e+00 2.604240e-02
9.850000e+00   0.000000e+00 2.657888e-02
9.900000e+00   0.000000e+00 2.712267e-02
9.950000e+00   0.000000e+00 2.767382e-02
1.000000e+01   0.000000e+00 2.823239e-02
1.005000e+01   0.000000e+00 2.879843e-02
1.010000e+01   0.000000e+00 2.937197e-02
1.015000e+01   0.000000e+00 2.995308e-02
1.020000e+01   0.000000e+00 3.054181e-02
1.025000e+01   0.000000e+00 3.113819e-02
1.030000e+01   0.000000e+00 3.174228e-02
1.035000e+01   0.000000e+00 3.235414e-02
1.040000e+01   0.000000e+00 3.297380e-02
1.045000e+01   0.000000e+00 3.360133e-02
1.050000e+01   0.000000e+00 3.423676e-02
1.055000e+01   0.000000e+00 3.488016e-02
1.060000e+01   0.000000e+00 3.553156e-02
1.065000e+01   0.000000e+00 3.619102e-02
1.070000e+01   0.000000e+00 3.685859e-02
1.075000e+01   0.000000e+00 3.753431e-02
1.080000e+01   0.000000e+00 3.821824e-02
1.085000e+01   0.000000e+00 3.891043e-02
1.090000e+01   0.000000e+00 3.961092e-02
1.095000e+01   0.000000e+00 4.031977e-02
1.100000e+01   0.000000e+00 4.103702e-02
1.105000e+01   0.000000e+00 4.176272e-02
1.110000e+01   0.000000e+00 4.249693e-02
1.115000e+01   0.000000e+00 4.323969e-02
1.120000e+01   0.000000e+00 4.399106e-02
1.125000e+01   0.000000e+00 4.475107e-02
1.130000e+01   0.000000e+00 4.551979e-02
1.135000e+01   0.000000e+00 4.629726e-02
1.140000e+01   0.000000e+00 4.708353e-02
1.145000e+01   0.000000e+00 4.787865e-02
1.150000e+01   0.000000e+00 4.868267e-02
1.155000e+01   0.000000e+00 4.949564e-02
1.160000e+01   0.000000e+00 5.031761e-02
1.165000e+01   0.000000e+00 5.114862e-02
1.170000e+01   0.000000e+00 5.198873e-02
1.175000e+01   0.000000e+00 5.283800e-02
1.180000e+01   0.000000e+00 5.369645e-02
1.185000e+01   0.000000e+00 5.456416e-02
1.190000e+01   0.000000e+00 5.544116e-02
1.195000e+01   0.000000e+00 5.632750e-02
1.200000e+01   0.000000e+00 5.722324e-02
1.205000e+01   0.000000e+00 5.812842e-02
1.210000e+01   0.000000e+00 5.904310e-02
1.215000e+01   0.000000e+00 5.996732e-02
1.220000e+01   0.000000e+00 6.090114e-02
1.225000e+01   0.000000e+00 6.184460e-02
1.230000e+01   0.000000e+00 6.279774e-02
1.235000e+01   0.000000e+00 6.376063e-02
1.240000e+01   0.000000e+00 6.473332e-02
1.245000e+01   0.000000e+00 6.571584e-02
1.250000e+01   0.000000e+00 6.670825e-02
1.255000e+01   0.000000e+00 6.771060e-02
1.260000e+01   0.000000e+00 6.872294e-02
1.265000e+01   0.000000e+00 6.974532e-02
1.270000e+01   0.000000e+00 7.077779e-02
1.275000e+01   0.000000e+00 7.182039e-02
1.280000e+01   0.000000e+00 7.287318e-02
1.285000e+01   0.000000e+00 7.393621e-02
1.290000e+01   0.000000e+00 7.500953e-02
1.295000e+01   0.000000e+00 7.609318e-02
1.300000e+01   0.000000e+00 7.718721e-02
1.305000e+01   0.000000e+00 7.829168e-02
1.310000e+01   0.000000e+00 7.940664e-02
1.315000e+01   0.000000e+00 8.053212e-02
1.320000e+01   0.000000e+00 8.166820e-02
1.325000e+01   0.000000e+00 8.281490e-02
1.330000e+01   0.000000e+00 8.397229e-02
1.335000e+01   0.000000e+00 8.514041e-02
1.340000e+01   0.000000e+00 8.631931e-02
1.345000e+01   0.000000e+00 8.750904e-02
1.350000e+01   0.000000e+00 8.870965e-02
1.355000e+01   0.000000e+00 8.992119e-02
1.360000e+01   0.000000e+00 9.114371e-02
1.365000e+01   0.000000e+00 9.237726e-02
1.370000e+01   0.000000e+00 9.362189e-02
1.375000e+01   0.000000e+00 9.487764e-02
1.380000e+01   0.000000e+00 9.614458e-02
1.385000e+01   0.000000e+00 9.742274e-02
1.390000e+01   0.000000e+00 9.871217e-02
1.395000e+01   0.000000e+00 1.000129e-01
1.400000e+01   0.000000e+00 1.013251e-01
1.405000e+01   0.000000e+00 1.026486e-01
1.410000e+01   0.000000e+00 1.039837e-01
1.415000e+01   0.000000e+00 1.053302e-01
1.420000e+01   0.000000e+00 1.066884e-01
1.425000e+01   0.000000e+00 1.080581e-01
1.430000e+01   0.000000e+00 1.094396e-01
1.435000e+01   0.000000e+00 1.108327e-01
1.440000e+01   0.000000e+00 1.122376e-01
1.445000e+01   0.000000e+00 1.136544e-01
1.450000e+01   0.000000e+00 1.150830e-01
1.455000e+01   0.000000e+00 1.165236e-01
1.460000e+01   0.000000e+00 1.179761e-01
1.465000e+01   0.000000e+00 1.194406e-01
1.470000e+01   0.000000e+00 1.209172e-01
1.475000e+01   0.000000e+00 1.224059e-01
1.480000e+01   0.000000e+00 1.239068e-01
1.485000e+01   0.000000e+00 1.254199e-01
1.490000e+01   0.000000e+00 1.269452e-01
1.495000e+01   0.000000e+00 1.284829e-01
1.500000e+01   0.000000e+00 1.300330e-01
1.505000e+01   0.000000e+00 1.315954e-01
1.510000e+01   0.000000e+00 1.331704e-01
1.515000e+01   0.000000e+00 1.347578e-01
1.520000e+01   0.000000e+00 1.363578e-01
1.525000e+01   0.000000e+00 1.379704e-01
1.530000e+01   0.000000e+00 1.395957e-01
1.535000e+01   0.000000e+00 1.412337e-01
1.540000e+01   0.000000e+00 1.428845e-01
1.545000e+01   0.000000e+00 1.445481e-01
1.550000e+01   0.000000e+00 1.462245e-01
1.555000e+01   0.000000e+00 1.479138e-01
1.560000e+01   0.000000e+00 1.496161e-01
1.565000e+01   0.000000e+00 1.513314e-01
1.570000e+01   0.000000e+00 1.530598e-01
1.575000e+01   0.000000e+00 1.548013e-01
1.580000e+01   0.000000e+00 1.565559e-01
1.585000e+01   0.000000e+00 1.583238e-01
1.590000e+01   0.000000e+00 1.601049e-01
1.595000e+01   0.000000e+00 1.618993e-01
1.600000e+01   0.000000e+00 1.637071e-01
1.605000e+01   0.000000e+00 1.655282e-01
1.610000e+01   0.000000e+00 1.673629e-01
1.615000e+01   0.000000e+00 1.692110e-01
1.620000e+01   0.000000e+00 1.710727e-01
1.625000e+01   0.000000e+00 1.729480e-01
1.630000e+01   0.000000e+00 1.748369e-01
1.635000e+01   0.000000e+00 1.767396e-01
1.640000e+01   0.000000e+00 1.786560e-01
1.645000e+01   0.000000e+00 1.805862e-01
1.650000e+01   0.000000e+00 1.825302e-01
1.655000e+01   0.000000e+00 1.844882e-01
1.660000e+01   0.000000e+00 1.864601e-01
1.665000e+01   0.000000e+00 1.884460e-01
1.670000e+01   0.000000e+00 1.904459e-01
1.675000e+01   0.000000e+00 1.924600e-01
1.680000e+01   0.000000e+00 1.944882e-01
1.685000e+01   0.000000e+00 1.965306e-01
1.690000e+01   0.000000e+00 1.985872e-01
1.695000e+01   0.000000e+00 2.006582e-01
1.700000e+01   0.000000e+00 2.027435e-01
1.705000e+01   0.000000e+00 2.048432e-01
1.710000e+01   0.000000e+00 2.069573e-01
1.715000e+01   0.000000e+00 2.090859e-01
1.720000e+01   0.000000e+00 2.112291e-01
1.725000e+01   0.000000e+00 2.133869e-01
1.730000e+01   0.000000e+00 2.155593e-01
1.735000e+01   0.000000e+00 2.177464e-01
1.740000e+01   0.000000e+00 2.199482e-01
1.745000e+01   0.000000e+00 2.221649e-01
1.750000e+01   0.000000e+00 2.243964e-01
1.755000e+01   0.000000e+00 2.266427e-01
1.760000e+01   0.000000e+00 2.289041e-01
1.765000e+01   0.000000e+00 2.311804e-01
1.770000e+01   0.000000e+00 2.334717e-01
1.775000e+01   0.000000e+00 2.357781e-01
1.780000e+01   0.000000e+00 2.380997e-01
1.785000e+01   0.000000e+00 2.404365e-01
1.790000e+01   0.000000e+00 2.427885e-01
1.795000e+01   0.000000e+00 2.451558e-01
1.800000e+01   0.000000e+00 2.475384e-01
1.805000e+01   0.000000e+00 2.499364e-01
1.810000e+01   0.000000e+00 2.523498e-01
1.815000e+01   0.000000e+00 2.547788e-01
1.820000e+01   0.000000e+00 2.572232e-01
1.825000e+01   0.000000e+00 2.596833e-01
1.830000e+01   0.000000e+00 2.621590e-01
1.835000e+01   0.000000e+00 2.646504e-01
1.840000e+01   0.000000e+00 2.671575e-01
1.845000e+01   0.000000e+00 2.696803e-01
1.850000e+01   0.000000e+00 2.722191e-01
1.855000e+01   0.000000e+00 2.747737e-01
1.860000e+01   0.000000e+00 2.773442e-01
1.865000e+01   0.000000e+00 2.799307e-01
1.870000e+01   0.000000e+00 2.825332e-01
1.875000e+01   0.000000e+00 2.851519e-01
1.880000e+01   0.000000e+00 2.877866e-01
1.885000e+01   0.000000e+00 2.904375e-01
1.890000e+01   0.000000e+00 2.931047e-01
1.895000e+01   0.000000e+00 2.957881e-01
1.900000e+01   0.000000e+00 2.984879e-01
1.905000e+01   0.000000e+00 3.012040e-01
1.910000e+01   0.000000e+00 3.039366e-01
1.915000e+01   0.000000e+00 3.066857e-01
1.920000e+01   0.000000e+00 3.094512e-01
1.925000e+01   0.000000e+00 3.122334e-01
1.930000e+01   0.000000e+00 3.150321e-01
1.935000e+01   0.000000e+00 3.178476e-01
1.940000e+01   0.000000e+00 3.206797e-01
1.945000e+01   0.000000e+00 3.235287e-01
1.950000e+01   0.000000e+00 3.263944e-01
1.955000e+01   0.000000e+00 3.292771e-01
1.960000e+01   0.000000e+00 3.321766e-01
1.965000e+01   0.000000e+00 3.350932e-01
1.970000e+01   0.000000e+00 3.380267e-01
1.975000e+01   0.000000e+00 3.409773e-01
1.980000e+01   0.000000e+00 3.439451e-01
1.985000e+01   0.000000e+00 3.469300e-01
1.990000e+01   0.000000e+00 3.499321e-01
1.995000e+01   0.000000e+00 3.529515e-01
2.000000e+01   0.000000e+00 3.559882e-01
2.005000e+01   0.000000e+00 3.590423e-01
2.010000e+01   0.000000e+00 3.621138e-01
2.015000e+01   0.000000e+00 3.652027e-01
2.020000e+01   0.000000e+00 3.683092e-01
2.025000e+01   0.000000e+00 3.714333e-01
2.030000e+01   0.000000e+00 3.745749e-01
2.035000e+01   0.000000e+00 3.777342e-01
2.040000e+01   0.000000e+00 3.809113e-01
2.045000e+01   0.000000e+00 3.841061e-01
2.050000e+01   0.000000e+00 3.873187e-01
2.055000e+01   0.000000e+00 3.905492e-01
2.060000e+01   0.000000e+00 3.937975e-01
2.065000e+01   0.000000e+00 3.970639e-01
2.070000e+01   0.000000e+00 4.003483e-01
2.075000e+01   0.000000e+00 4.036507e-01
2.080000e+01   0.000000e+00 4.069712e-01
2.085000e+01   0.000000e+00 4.103099e-01
2.090000e+01   0.000000e+00 4.136668e-01
2.095000e+01   0.000000e+00 4.170419e-01
2.100000e+01   0.000000e+00 4.204354e-01
2.105000e+01   0.000000e+00 4.238472e-01
2.110000e+01   0.000000e+00 4.272775e-01
2.115000e+01   0.000000e+00 4.307262e-01
2.120000e+01   0.000000e+00 4.341933e-01
2.125000e+01   0.000000e+00 4.376791e-01
2.130000e+01   0.000000e+00 4.411834e-01
2.135000e+01   0.000000e+00 4.447065e-01
2.140000e+01   0.000000e+00 4.482482e-01
2.145000e+01   0.000000e+00 4.518086e-01
2.150000e+01   0.000000e+00 4.553879e-01
2.155000e+01   0.000000e+00 4.589860e-01
2.160000e+01   0.000000e+00 4.626031e-01
2.165000e+01   0.000000e+00 4.662390e-01
2.170000e+01   0.000000e+00 4.698940e-01
2.175000e+01   0.000000e+00 4.735680e-01
2.180000e+01   0.000000e+00 4.772612e-01
2.185000e+01   0.000000e+00 4.809735e-01
2.190000e+01   0.000000e+00 4.847049e-01
2.195000e+01   0.000000e+00 4.884557e-01
2.200000e+01   0.000000e+00 4.922257e-01
2.205000e+01   0.000000e+00 4.960151e-01
2.210000e+01   0.000000e+00 4.998238e-01
2.215000e+01   0.000000e+00 5.036521e-01
2.220000e+01   0.000000e+00 5.074998e-01
2.225000e+01   0.000000e+00 5.113670e-01
2.230000e+01   0.000000e+00 5.152539e-01
2.235000e+01   0.000000e+00 5.191604e-01
2.240000e+01   0.000000e+00 5.230866e-01
2.245000e+01   0.000000e+00 5.270325e-01
2.250000e+01   0.000000e+00 5.309983e-01
2.255000e+01   0.000000e+00 5.349838e-01
2.260000e+01   0.000000e+00 5.389893e-01
2.265000e+01   0.000000e+00 5.430147e-01
2.270000e+01   0.000000e+00 5.470601e-01
2.275000e+01   0.000000e+00 5.511256e-01
2.280000e+01   0.000000e+00 5.552111e-01
2.285000e+01   0.000000e+00 5.593168e-01
2.290000e+01   0.000000e+00 5.634427e-01
2.295000e+01   0.000000e+00 5.675888e-01
2.300000e+01   0.000000e+00 5.717552e-01
2.305000e+01   0.000000e+00 5.759419e-01
2.310000e+01   0.000000e+00 5.801490e-01
2.315000e+01   0.000000e+00 5.843766e-01
2.320000e+01   0.000000e+00 5.886246e-01
2.325000e+01   0.000000e+00 5.928932e-01
2.330000e+01   0.000000e+00 5.971824e-01
2.335000e+01   0.000000e+00 6.014922e-01
2.340000e+01   0.000000e+00 6.058227e-01
2.345000e+01   0.000000e+00 6.101739e-01
2.350000e+01   0.000000e+00 6.145459e-01
2.355000e+01   0.000000e+00 6.189388e-01
2.360000e+01   0.000000e+00 6.233525e-01
2.365000e+01   0.000000e+00 6.277871e-01
2.370000e+01   0.000000e+00 6.322428e-01
2.375000e+01   0.000000e+00 6.367195e-01
2.380000e+01   0.000000e+00 6.412172e-01
2.385000e+01   0.000000e+00 6.457361e-01
2.390000e+01   0.000000e+00 6.502762e-01
2.395000e+01   0.000000e+00 6.548374e-01
2.400000e+01   0.000000e+00 6.594200e-01
2.405000e+01   0.000000e+00 6.640239e-01
2.410000e+01   0.000000e+00 6.686492e-01
2.415000e+01   0.000000e+00 6.732959e-01
2.420000e+01   0.000000e+00 6.779641e-01
2.425000e+01   0.000000e+00 6.826538e-01
2.430000e+01   0.000000e+00 6.873651e-01
2.435000e+01   0.000000e+00 6.920980e-01
2.440000e+01   0.000000e+00 6.968526e-01
2.445000e+01   0.000000e+00 7.016289e-01
2.450000e+01   0.000000e+00 7.064270e-01
2.455000e+01   0.000000e+00 7.112469e-01
2.460000e+01   0.000000e+00 7.160887e-01
2.465000e+01   0.000000e+00 7.209524e-01
2.470000e+01   0.000000e+00 7.258381e-01
2.475000e+01   0.000000e+00 7.307458e-01
2.480000e+01   0.000000e+00 7.356756e-01
2.485000e+01   0.000000e+00 7.406275e-01
2.490000e+01   0.000000e+00 7.456015e-01
2.495000e+01   0.000000e+00 7.505978e-01
2.500000e+01   0.000000e+00 7.556164e-01
2.505000e+01   0.000000e+00 7.606572e-01
2.510000e+01   0.000000e+00 7.657205e-01
2.515000e+01   0.000000e+00 7.708061e-01
2.520000e+01   0.000000e+00 7.759143e-01
2.525000e+01   0.000000e+00 7.810449e-01
2.530000e+01   0.000000e+00 7.861981e-01
2.535000e+01   0.000000e+00 7.913740e-01
2.540000e+01   0.000000e+00 7.965725e-01
2.545000e+01   0.000000e+00 8.017937e-01
2.550000e+01   0.000000e+00 8.070376e-01
2.555000e+01   0.000000e+00 8.123044e-01
2.560000e+01   0.000000e+00 8.175941e-01
2.565000e+01   0.000000e+00 8.229067e-01
2.570000e+01   0.000000e+00 8.282422e-01
2.575000e+01   0.000000e+00 8.336007e-01
2.580000e+01   0.000000e+00 8.389823e-01
2.585000e+01   0.000000e+00 8.443870e-01
2.590000e+01   0.000000e+00 8.498149e-01
2.595000e+01   0.000000e+00 8.552660e-01
2.600000e+01   0.000000e+00 8.607404e-01
2.605000e+01   0.000000e+00 8.662380e-01
2.610000e+01   0.000000e+00 8.717590e-01
2.615000e+01   0.000000e+00 8.773034e-01
2.620000e+01   0.000000e+00 8.828713e-01
2.625000e+01   0.000000e+00 8.884627e-01
2.630000e+01   0.000000e+00 8.940777e-01
2.635000e+01   0.000000e+00 8.997162e-01
2.640000e+01   0.000000e+00 9.053784e-01
2.645000e+01   0.000000e+00 9.110643e-01
2.650000e+01   0.000000e+00 9.167740e-01
2.655000e+01   0.000000e+00 9.225075e-01
2.660000e+01   0.000000e+00 9.282648e-01
2.665000e+01   0.000000e+00 9.340461e-01
2.670000e+01   0.000000e+00 9.398512e-01
2.675000e+01   0.000000e+00 9.456804e-01
2.680000e+01   0.000000e+00 9.515337e-01
2.685000e+01   0.000000e+00 9.574110e-01
2.690000e+01   0.000000e+00 9.633125e-01
2.695000e+01   0.000000e+00 9.692382e-01
2.700000e+01   0.000000e+00 9.751881e-01
2.705000e+01   0.000000e+00 9.811624e-01
2.710000e+01   0.000000e+00 9.871610e-01
2.715000e+01   0.000000e+00 9.931840e-01
2.720000e+01   0.000000e+00 9.992314e-01
2.725000e+01   0.000000e+00 1.005303e+00
2.730000e+01   0.000000e+00 1.011400e+00
2.735000e+01   0.000000e+00 1.017521e+00
2.740000e+01   0.000000e+00 1.023667e+00
2.745000e+01   0.000000e+00 1.029837e+00
2.750000e+01   0.000000e+00 1.036032e+00
2.755000e+01   0.000000e+00 1.042252e+00
2.760000e+01   0.000000e+00 1.048497e+00
2.765000e+01   0.000000e+00 1.054767e+00
2.770000e+01   0.000000e+00 1.061061e+00
2.775000e+01   0.000000e+00 1.067381e+00
2.780000e+01   0.000000e+00 1.073726e+00
2.785000e+01   0.000000e+00 1.080095e+00
2.790000e+01   0.000000e+00 1.086490e+00
2.795000e+01   0.000000e+00 1.092911e+00
2.800000e+01   0.000000e+00 1.099356e+00
2.805000e+01   0.000000e+00 1.105827e+00
2.810000e+01   0.000000e+00 1.112322e+00
2.815000e+01   0.000000e+00 1.118844e+00
2.820000e+01   0.000000e+00 1.125391e+00
2.825000e+01   0.000000e+00 1.131963e+00
2.830000e+01   0.000000e+00 1.138561e+00
2.835000e+01   0.000000e+00 1.145184e+00
2.840000e+01   0.000000e+00 1.151833e+00
2.845000e+01   0.000000e+00 1.158508e+00
2.850000e+01   0.000000e+00 1.165209e+00
2.855000e+01   0.000000e+00 1.171935e+00
2.860000e+01   0.000000e+00 1.178687e+00
2.865000e+01   0.000000e+00 1.185465e+00
2.870000e+01   0.000000e+00 1.192269e+00
2.875000e+01   0.000000e+00 1.199099e+00
2.880000e+01   0.000000e+00 1.205955e+00
2.885000e+01   0.000000e+00 1.212837e+00
2.890000e+01   0.000000e+00 1.219745e+00
2.895000e+01   0.000000e+00 1.226679e+00
2.900000e+01   0.000000e+00 1.233640e+00
2.905000e+01   0.000000e+00 1.240627e+00
2.910000e+01   0.000000e+00 1.247640e+00
2.915000e+01   0.000000e+00 1.254679e+00
2.920000e+01   0.000000e+00 1.261745e+00
2.925000e+01   0.000000e+00 1.268838e+00
2.930000e+01   0.000000e+00 1.275957e+00
2.935000e+01   0.000000e+00 1.283102e+00
2.940000e+01   0.000000e+00 1.290274e+00
2.945000e+01   0.000000e+00 1.297473e+00
2.950000e+01   0.000000e+00 1.304699e+00
2.955000e+01   0.000000e+00 1.311951e+00
2.960000e+01   0.000000e+00 1.319231e+00
2.965000e+01   0.000000e+00 1.326537e+00
2.970000e+01   0.000000e+00 1.333870e+00
2.975000e+01   0.000000e+00 1.341230e+00
2.980000e+01   0.000000e+00 1.348617e+00
2.985000e+01   0.000000e+00 1.356031e+00
2.990000e+01   0.000000e+00 1.363472e+00
2.995000e+01   0.000000e+00 1.370940e+00
3.000000e+01   0.000000e+00 1.378436e+00
3.005000e+01   0.000000e+00 1.385959e+00
3.010000e+01   0.000000e+00 1.393509e+00
3.015000e+01   0.000000e+00 1.401086e+00
3.020000e+01   0.000000e+00 1.408691e+00
3.025000e+01   0.000000e+00 1.416324e+00
3.030000e+01   0.000000e+00 1.423984e+00
3.035000e+01   0.000000e+00 1.431671e+00
3.040000e+01   0.000000e+00 1.439386e+00
3.045000e+01   0.000000e+00 1.447129e+00
3.050000e+01   0.000000e+00 1.454900e+00
3.055000e+01   0.000000e+00 1.462698e+00
3.060000e+01   0.000000e+00 1.470524e+00
3.065000e+01   0.000000e+00 1.478378e+00
3.070000e+01   0.000000e+00 1.486260e+00
3.075000e+01   0.000000e+00 1.494170e+00
3.080000e+01   0.000000e+00 1.502108e+00
3.085000e+01   0.000000e+00 1.510074e+00
3.090000e+01   0.000000e+00 1.518068e+00
3.095000e+01   0.000000e+00 1.526090e+00
3.100000e+01   0.000000e+00 1.534140e+00
3.105000e+01   0.000000e+00 1.542219e+00
3.110000e+01   0.000000e+00 1.550326e+00
3.115000e+01   0.000000e+00 1.558461e+00
3.120000e+01   0.000000e+00 1.566625e+00
3.125000e+01   0.000000e+00 1.574817e+00
3.130000e+01   0.000000e+00 1.583038e+00
3.135000e+01   0.000000e+00 1.591287e+00
3.140000e+01   0.000000e+00 1.599565e+00
3.145000e+01   0.000000e+00 1.607872e+00
3.150000e+01   0.000000e+00 1.616207e+00
3.155000e+01   0.000000e+00 1.624571e+00
3.160000e+01   0.000000e+00 1.632964e+00
3.165000e+01   0.000000e+00 1.641385e+00
3.170000e+01   0.000000e+00 1.649836e+00
3.175000e+01   0.000000e+00 1.658315e+00
3.180000e+01   0.000000e+00 1.666824e+00
3.185000e+01   0.000000e+00 1.675362e+00
3.190000e+01   0.000000e+00 1.683928e+00
3.195000e+01   0.000000e+00 1.692524e+00
3.200000e+01   0.000000e+00 1.701149e+00
3.205000e+01   0.000000e+00 1.709803e+00
3.210000e+01   0.000000e+00 1.718487e+00
3.215000e+01   0.000000e+00 1.727200e+00
3.220000e+01   0.000000e+00 1.735942e+00
3.225000e+01   0.000000e+00 1.744714e+00
3.230000e+01   0.000000e+00 1.753515e+00
3.235000e+01   0.000000e+00 1.762346e+00
3.240000e+01   0.000000e+00 1.771207e+00
3.245000e+01   0.000000e+00 1.780097e+00
3.250000e+01   0.000000e+00 1.789017e+00
3.255000e+01   0.000000e+00 1.797966e+00
3.260000e+01   0.000000e+00 1.806945e+00
3.265000e+01   0.000000e+00 1.815955e+00
3.270000e+01   0.000000e+00 1.824994e+00
3.275000e+01   0.000000e+00 1.834063e+00
3.280000e+01   0.000000e+00 1.843162e+00
3.285000e+01   0.000000e+00 1.852291e+00
3.290000e+01   0.000000e+00 1.861450e+00
3.295000e+01   0.000000e+00 1.870639e+00
3.300000e+01   0.000000e+00 1.879859e+00
3.305000e+01   0.000000e+00 1.889109e+00
3.310000e+01   0.000000e+00 1.898389e+00
3.315000e+01   0.000000e+00 1.907699e+00
3.320000e+01   0.000000e+00 1.917040e+00
3.325000e+01   0.000000e+00 1.926411e+00
3.330000e+01   0.000000e+00 1.935813e+00
3.335000e+01   0.000000e+00 1.945245e+00
3.340000e+01   0.000000e+00 1.954708e+00
3.345000e+01   0.000000e+00 1.964201e+00
3.350000e+01   0.000000e+00 1.973725e+00
3.355000e+01   0.000000e+00 1.983280e+00
3.360000e+01   0.000000e+00 1.992866e+00
3.365000e+01   0.000000e+00 2.002482e+00
3.370000e+01   0.000000e+00 2.012130e+00
3.375000e+01   0.000000e+00 2.021808e+00
3.380000e+01   0.000000e+00 2.031517e+00
3.385000e+01   0.000000e+00 2.041258e+00
3.390000e+01   0.000000e+00 2.051029e+00
3.395000e+01   0.000000e+00 2.060831e+00
3.400000e+01   0.000000e+00 2.070665e+00
3.405000e+01   0.000000e+00 2.080530e+00
3.410000e+01   0.000000e+00 2.090426e+00
3.415000e+01   0.000000e+00 2.100354e+00
3.420000e+01   0.000000e+00 2.110313e+00
3.425000e+01   0.000000e+00 2.120303e+00
3.430000e+01   0.000000e+00 2.130325e+00
3.435000e+01   0.000000e+00 2.140379e+00
3.440000e+01   0.000000e+00 2.150464e+00
3.445000e+01   0.000000e+00 2.160580e+00
3.450000e+01   0.000000e+00 2.170729e+00
3.455000e+01   0.000000e+00 2.180909e+00
3.460000e+01   0.000000e+00 2.191120e+00
3.465000e+01   0.000000e+00 2.201364e+00
3.470000e+01   0.000000e+00 2.211639e+00
3.475000e+01   0.000000e+00 2.221947e+00
3.480000e+01   0.000000e+00 2.232286e+00
3.485000e+01   0.000000e+00 2.242658e+00
3.490000e+01   0.000000e+00 2.253061e+00
3.495000e+01   0.000000e+00 2.263497e+00
3.500000e+01   0.000000e+00 2.273965e+00
3.505000e+01   0.000000e+00 2.284465e+00
3.510000e+01   0.000000e+00 2.294997e+00
3.515000e+01   0.000000e+00 2.305562e+00
3.520000e+01   0.000000e+00 2.316159e+00
3.525000e+01   0.000000e+00 2.326788e+00
3.530000e+01   0.000000e+00 2.337450e+00
3.535000e+01   0.000000e+00 2.348144e+00
3.540000e+01   0.000000e+00 2.358871e+00
3.545000e+01   0.000000e+00 2.369631e+00
3.550000e+01   0.000000e+00 2.380423e+00
3.555000e+01   0.000000e+00 2.391248e+00
3.560000e+01   0.000000e+00 2.402106e+00
3.565000e+01   0.000000e+00 2.412996e+00
3.570000e+01   0.000000e+00 2.423920e+00
3.575000e+01   0.000000e+00 2.434876e+00
3.580000e+01   0.000000e+00 2.445865e+00
3.585000e+01   0.000000e+00 2.456888e+00
3.590000e+01   0.000000e+00 2.467943e+00
3.595000e+01   0.000000e+00 2.479032e+00
3.600000e+01   0.000000e+00 2.490153e+00
3.605000e+01   0.000000e+00 2.501308e+00
3.610000e+01   0.000000e+00 2.512496e+00
3.615000e+01   0.000000e+00 2.523718e+00
3.620000e+01   0.000000e+00 2.534972e+00
3.625000e+01   0.000000e+00 2.546261e+00
3.630000e+01   0.000000e+00 2.557582e+00
3.635000e+01   0.000000e+00 2.568938e+00
3.640000e+01   0.000000e+00 2.580326e+00
3.645000e+01   0.000000e+00 2.591749e+00
3.650000e+01   0.000000e+00 2.603205e+00
3.655000e+01   0.000000e+00 2.614694e+00
3.660000e+01   0.000000e+00 2.626218e+00
3.665000e+01   0.000000e+00 2.637775e+00
3.670000e+01   0.000000e+00 2.649366e+00
3.675000e+01   0.000000e+00 2.660991e+00
3.680000e+01   0.000000e+00 2.672650e+00
3.685000e+01   0.000000e+00 2.684343e+00
3.690000e+01   0.000000e+00 2.696070e+00
3.695000e+01   0.000000e+00 2.707832e+00
3.700000e+01   0.000000e+00 2.719627e+00
3.705000e+01   0.000000e+00 2.731457e+00
3.710000e+01   0.000000e+00 2.743320e+00
3.715000e+01   0.000000e+00 2.755218e+00
3.720000e+01   0.000000e+00 2.767151e+00
3.725000e+01   0.000000e+00 2.779118e+00
3.730000e+01   0.000000e+00 2.791119e+00
3.735000e+01   0.000000e+00 2.803155e+00
3.740000e+01   0.000000e+00 2.815225e+00
3.745000e+01   0.000000e+00 2.827330e+00
3.750000e+01   0.000000e+00 2.839470e+00
3.755000e+01   0.000000e+00 2.851644e+00
3.760000e+01   0.000000e+00 2.863853e+00
3.765000e+01   0.000000e+00 2.876097e+00
3.770000e+01   0.000000e+00 2.888375e+00
3.775000e+01   0.000000e+00 2.900689e+00
3.780000e+01   0.000000e+00 2.913038e+00
3.785000e+01   0.000000e+00 2.925421e+00
3.790000e+01   0.000000e+00 2.937840e+00
3.795000e+01   0.000000e+00 2.950293e+00
3.800000e+01   0.000000e+00 2.962782e+00
3.805000e+01   0.000000e+00 2.975306e+00
3.810000e+01   0.000000e+00 2.987865e+00
3.815000e+01   0.000000e+00 3.000460e+00
3.820000e+01   0.000000e+00 3.013090e+00
3.825000e+01   0.000000e+00 3.025755e+00
3.830000e+01   0.000000e+00 3.038456e+00
3.835000e+01   0.000000e+00 3.051192e+00
3.840000e+01   0.000000e+00 3.063964e+00
3.845000e+01   0.000000e+00 3.076771e+00
3.850000e+01   0.000000e+00 3.089614e+00
3.855000e+01   0.000000e+00 3.102493e+00
3.860000e+01   0.000000e+00 3.115407e+00
3.865000e+01   0.000000e+00 3.128357e+00
3.870000e+01   0.000000e+00 3.141343e+00
3.875000e+01   0.000000e+00 3.154365e+00
3.880000e+01   0.000000e+00 3.167423e+00
3.885000e+01   0.000000e+00 3.180517e+00
3.890000e+01   0.000000e+00 3.193647e+00
3.895000e+01   0.000000e+00 3.206813e+00
3.900000e+01   0.000000e+00 3.220015e+00
3.905000e+01   0.000000e+00 3.233253e+00
3.910000e+01   0.000000e+00 3.246528e+00
3.915000e+01   0.000000e+00 3.259839e+00
3.920000e+01   0.000000e+00 3.273186e+00
3.925000e+01   0.000000e+00 3.286569e+00
3.930000e+01   0.000000e+00 3.299989e+00
3.935000e+01   0.000000e+00 3.313446e+00
3.940000e+01   0.000000e+00 3.326938e+00
3.945000e+01   0.000000e+00 3.340468e+00
3.950000e+01   0.000000e+00 3.354034e+00
3.955000e+01   0.000000e+00 3.367637e+00
3.960000e+01   0.000000e+00 3.381277e+00
3.965000e+01   0.000000e+00 3.394953e+00
3.970000e+01   0.000000e+00 3.408666e+00
3.975000e+01   0.000000e+00 3.422416e+00
3.980000e+01   0.000000e+00 3.436203e+00
3.985000e+01   0.000000e+00 3.450027e+00
3.990000e+01   0.000000e+00 3.463888e+00
3.995000e+01   0.000000e+00 3.477786e+00
4.000000e+01   0.000000e+00 3.491721e+00
4.005000e+01   0.000000e+00 3.505694e+00
4.010000e+01   0.000000e+00 3.519703e+00
4.015000e+01   0.000000e+00 3.533750e+00
4.020000e+01   0.000000e+00 3.547834e+00
4.025000e+01   0.000000e+00 3.561956e+00
4.030000e+01   0.000000e+00 3.576115e+00
4.035000e+01   0.000000e+00 3.590311e+00
4.040000e+01   0.000000e+00 3.604545e+00
4.045000e+01   0.000000e+00 3.618817e+00
4.050000e+01   0.000000e+00 3.633126e+00
4.055000e+01   0.000000e+00 3.647473e+00
4.060000e+01   0.000000e+00 3.661857e+00
4.065000e+01   0.000000e+00 3.676280e+00
4.070000e+01   0.000000e+00 3.690740e+00
4.075000e+01   0.000000e+00 3.705238e+00
4.080000e+01   0.000000e+00 3.719774e+00
4.085000e+01   0.000000e+00 3.734348e+00
4.090000e+01   0.000000e+00 3.748960e+00
4.095000e+01   0.000000e+00 3.763610e+00
4.100000e+01   0.000000e+00 3.778298e+00
4.105000e+01   0.000000e+00 3.793024e+00
4.110000e+01   0.000000e+00 3.807788e+00
4.115000e+01   0.000000e+00 3.822591e+00
4.120000e+01   0.000000e+00 3.837432e+00
4.125000e+01   0.000000e+00 3.852312e+00
4.130000e+01   0.000000e+00 3.867229e+00
4.135000e+01   0.000000e+00 3.882186e+00
4.140000e+01   0.000000e+00 3.897180e+00
4.145000e+01   0.000000e+00 3.912214e+00
4.150000e+01   0.000000e+00 3.927286e+00
4.155000e+01   0.000000e+00 3.942396e+00
4.160000e+01   0.000000e+00 3.957546e+00
4.165000e+01   0.000000e+00 3.972734e+00
4.170000e+01   0.000000e+00 3.987961e+00
4.175000e+01   0.000000e+00 4.003227e+00
4.180000e+01   0.000000e+00 4.018531e+00
4.185000e+01   0.000000e+00 4.033875e+00
4.190000e+01   0.000000e+00 4.049257e+00
4.195000e+01   0.000000e+00 4.064679e+00
4.200000e+01   0.000000e+00 4.080140e+00
4.205000e+01   0.000000e+00 4.095640e+00
4.210000e+01   0.000000e+00 4.111179e+00
4.215000e+01   0.000000e+00 4.126757e+00
4.220000e+01   0.000000e+00 4.142375e+00
4.225000e+01   0.000000e+00 4.158032e+00
4.230000e+01   0.000000e+00 4.173729e+00
4.235000e+01   0.000000e+00 4.189465e+00
4.240000e+01   0.000000e+00 4.205240e+00
4.245000e+01   0.000000e+00 4.221055e+00
4.250000e+01   0.000000e+00 4.236910e+00
4.255000e+01   0.000000e+00 4.252804e+00
4.260000e+01   0.000000e+00 4.268738e+00
4.265000e+01   0.000000e+00 4.284711e+00
4.270000e+01   0.000000e+00 4.300725e+00
4.275000e+01   0.000000e+00 4.316778e+00
4.280000e+01   0.000000e+00 4.332871e+00
4.285000e+01   0.000000e+00 4.349005e+00
4.290000e+01   0.000000e+00 4.365178e+00
4.295000e+01   0.000000e+00 4.381391e+00
4.300000e+01   0.000000e+00 4.397644e+00
4.305000e+01   0.000000e+00 4.413938e+00
4.310000e+01   0.000000e+00 4.430271e+00
4.315000e+01   0.000000e+00 4.446645e+00
4.320000e+01   0.000000e+00 4.463060e+00
4.325000e+01   0.000000e+00 4.479514e+00
4.330000e+01   0.000000e+00 4.496009e+00
4.335000e+01   0.000000e+00 4.512544e+00
4.340000e+01   0.000000e+00 4.529120e+00
4.345000e+01   0.000000e+00 4.545737e+00
4.350000e+01   0.000000e+00 4.562394e+00
4.355000e+01   0.000000e+00 4.579091e+00
4.360000e+01   0.000000e+00 4.595830e+00
4.365000e+01   0.000000e+00 4.612609e+00
4.370000e+01   0.000000e+00 4.629429e+00
4.375000e+01   0.000000e+00 4.646289e+00
4.380000e+01   0.000000e+00 4.663191e+00
4.385000e+01   0.000000e+00 4.680133e+00
4.390000e+01   0.000000e+00 4.697117e+00
4.395000e+01   0.000000e+00 4.714141e+00
4.400000e+01   0.000000e+00 4.731207e+00
4.405000e+01   0.000000e+00 4.748314e+00
4.410000e+01   0.000000e+00 4.765462e+00
4.415000e+01   0.000000e+00 4.782651e+00
4.420000e+01   0.000000e+00 4.799881e+00
4.425000e+01   0.000000e+00 4.817153e+00
4.430000e+01   0.000000e+00 4.834466e+00
4.435000e+01   0.000000e+00 4.851821e+00
4.440000e+01   0.000000e+00 4.869217e+00
4.445000e+01   0.000000e+00 4.886655e+00
4.450000e+01   0.000000e+00 4.904134e+00
4.455000e+01   0.000000e+00 4.921655e+00
4.460000e+01   0.000000e+00 4.939217e+00
4.465000e+01   0.000000e+00 4.956822e+00
4.470000e+01   0.000000e+00 4.974468e+00
4.475000e+01   0.000000e+00 4.992156e+00
4.480000e+01   0.000000e+00 5.009885e+00
4.485000e+01   0.000000e+00 5.027657e+00
4.490000e+01   0.000000e+00 5.045471e+00
4.495000e+01   0.000000e+00 5.063326e+00
4.500000e+01   0.000000e+00 5.081224e+00
4.505000e+01   0.000000e+00 5.099164e+00
4.510000e+01   0.000000e+00 5.117146e+00
4.515000e+01   0.000000e+00 5.135170e+00
4.520000e+01   0.000000e+00 5.153237e+00
4.525000e+01   0.000000e+00 5.171346e+00
4.530000e+01   0.000000e+00 5.189497e+00
4.535000e+01   0.000000e+00 5.207691e+00
4.540000e+01   0.000000e+00 5.225927e+00
4.545000e+01   0.000000e+00 5.244206e+00
4.550000e+01   0.000000e+00 5.262527e+00
4.555000e+01   0.000000e+00 5.280891e+00
4.560000e+01   0.000000e+00 5.299297e+00
4.565000e+01   0.000000e+00 5.317747e+00
4.570000e+01   0.000000e+00 5.336239e+00
4.575000e+01   0.000000e+00 5.354774e+00
4.580000e+01   0.000000e+00 5.373351e+00
4.585000e+01   0.000000e+00 5.391972e+00
4.590000e+01   0.000000e+00 5.410636e+00
4.595000e+01   0.000000e+00 5.429342e+00
4.600000e+01   0.000000e+00 5.448092e+00
4.605000e+01   0.000000e+00 5.466885e+00
4.610000e+01   0.000000e+00 5.485721e+00
4.615000e+01   0.000000e+00 5.504600e+00
4.620000e+01   0.000000e+00 5.523522e+00
4.625000e+01   0.000000e+00 5.542488e+00
4.630000e+01   0.000000e+00 5.561497e+00
4.635000e+01   0.000000e+00 5.580550e+00
4.640000e+01   0.000000e+00 5.599646e+00
4.645000e+01   0.000000e+00 5.618785e+00
4.650000e+01   0.000000e+00 5.637968e+00
4.655000e+01   0.000000e+00 5.657195e+00
4.660000e+01   0.000000e+00 5.676466e+00
4.665000e+01   0.000000e+00 5.695780e+00
4.670000e+01   0.000000e+00 5.715138e+00
4.675000e+01   0.000000e+00 5.734539e+00
4.680000e+01   0.000000e+00 5.753985e+00
4.685000e+01   0.000000e+00 5.773474e+00
4.690000e+01   0.000000e+00 5.793007e+00
4.695000e+01   0.000000e+00 5.812585e+00
4.700000e+01   0.000000e+00 5.832206e+00
4.705000e+01   0.000000e+00 5.851872e+00
4.710000e+01   0.000000e+00 5.871582e+00
4.715000e+01   0.000000e+00 5.891335e+00
4.720000e+01   0.000000e+00 5.911134e+00
4.725000e+01   0.000000e+00 5.930976e+00
4.730000e+01   0.000000e+00 5.950863e+00
4.735000e+01   0.000000e+00 5.970794e+00
4.740000e+01   0.000000e+00 5.990770e+00
4.745000e+01   0.000000e+00 6.010790e+00
4.750000e+01   0.000000e+00 6.030855e+00
4.755000e+01   0.000000e+00 6.050964e+00
4.760000e+01   0.000000e+00 6.071118e+00
4.765000e+01   0.000000e+00 6.091317e+00
4.770000e+01   0.000000e+00 6.111560e+00
4.775000e+01   0.000000e+00 6.131849e+00
4.780000e+01   0.000000e+00 6.152182e+00
4.785000e+01   0.000000e+00 6.172560e+00
4.790000e+01   0.000000e+00 6.192983e+00
4.795000e+01   0.000000e+00 6.213451e+00
4.800000e+01   0.000000e+00 6.233964e+00
4.805000e+01   0.000000e+00 6.254522e+00
4.810000e+01   0.000000e+00 6.275125e+00
4.815000e+01   0.000000e+00 6.295773e+00
4.820000e+01   0.000000e+00 6.316467e+00
4.825000e+01   0.000000e+00 6.337206e+00
4.830000e+01   0.000000e+00 6.357990e+00
4.835000e+01   0.000000e+00 6.378820e+00
4.840000e+01   0.000000e+00 6.399695e+00
4.845000e+01   0.000000e+00 6.420616e+00
4.850000e+01   0.000000e+00 6.441582e+00
4.855000e+01   0.000000e+00 6.462594e+00
4.860000e+01   0.000000e+00 6.483651e+00
4.865000e+01   0.000000e+00 6.504754e+00
4.870000e+01   0.000000e+00 6.525903e+00
4.875000e+01   0.000000e+00 6.547098e+00
4.880000e+01   0.000000e+00 6.568339e+00
4.885000e+01   0.000000e+00 6.589625e+00
4.890000e+01   0.000000e+00 6.610957e+00
4.895000e+01   0.000000e+00 6.632336e+00
4.900000e+01   0.000000e+00 6.653760e+00
4.905000e+01   0.000000e+00 6.675230e+00
4.910000e+01   0.000000e+00 6.696747e+00
4.915000e+01   0.000000e+00 6.718310e+00
4.920000e+01   0.000000e+00 6.739919e+00
4.925000e+01   0.000000e+00 6.761574e+00
4.930000e+01   0.000000e+00 6.783276e+00
4.935000e+01   0.000000e+00 6.805024e+00
4.940000e+01   0.000000e+00 6.826818e+00
4.945000e+01   0.000000e+00 6.848659e+00
4.950000e+01   0.000000e+00 6.870547e+00
4.955000e+01   0.000000e+00 6.892481e+00
4.960000e+01   0.000000e+00 6.914461e+00
4.965000e+01   0.000000e+00 6.936489e+00
4.970000e+01   0.000000e+00 6.958563e+00
4.975000e+01   0.000000e+00 6.980684e+00
4.980000e+01   0.000000e+00 7.002851e+00
4.985000e+01   0.000000e+00 7.025066e+00
4.990000e+01   0.000000e+00 7.047327e+00
4.995000e+01   0.000000e+00 7.069636e+00
5.000000e+01   0.000000e+00 7.091991e+00
