rtdb error get_info tag =cpsd:input_wavefunction_filename
control_read: loop=1 1
s11 0.999896 0.999912 0.999954 0.999954 0.999974 0.999977 
s11 0.993899 0.999912 0.999954 0.999954 0.999974 0.999977 
s11 0.987974 0.999912 0.999954 0.999954 0.999974 0.999977 
s11 0.982137 0.999912 0.999954 0.999954 0.999974 0.999977 
s11 0.976363 0.999912 0.999954 0.999954 0.999974 0.999977 
s11 0.970671 0.999912 0.999954 0.999954 0.999974 0.999977 
s11 0.965044 0.999912 0.999954 0.999954 0.999974 0.999977 
s11 0.959476 0.999912 0.999954 0.999954 0.999974 0.999977 
s11 0.95398 0.999912 0.999954 0.999954 0.999974 0.999977 
s11 0.948541 0.999912 0.999954 0.999954 0.999974 0.999977 
s11 0.943152 0.999912 0.999954 0.999954 0.999974 0.999977 
s11 0.937827 0.999912 0.999954 0.999954 0.999974 0.999977 
s11 0.932556 0.999912 0.999954 0.999954 0.999974 0.999977 
s11 0.927351 0.999912 0.999954 0.999954 0.999974 0.999977 
s11 0.922187 0.999912 0.999954 0.999954 0.999974 0.999977 
s11 0.917077 0.999912 0.999954 0.999954 0.999974 0.999977 
s11 0.912016 0.999912 0.999954 0.999954 0.999974 0.999977 
s11 0.907014 0.999912 0.999954 0.999954 0.999974 0.999977 
s11 0.902057 0.999912 0.999954 0.999954 0.999974 0.999977 
s11 0.897148 0.999912 0.999954 0.999954 0.999974 0.999977 
s11 0.89228 0.999912 0.999954 0.999954 0.999974 0.999977 
s11 0.887462 0.999912 0.999954 0.999954 0.999974 0.999977 
s11 0.882693 0.999912 0.999954 0.999954 0.999974 0.999977 
s11 0.877966 0.999912 0.999954 0.999954 0.999974 0.999977 
s11 0.873286 0.999912 0.999954 0.999954 0.999974 0.999977 
s11 0.868648 0.999912 0.999954 0.999954 0.999974 0.999977 
s11 0.864054 0.999912 0.999954 0.999954 0.999974 0.999977 
s11 0.8595 0.999912 0.999954 0.999954 0.999974 0.999977 
s11 0.85499 0.999912 0.999954 0.999954 0.999974 0.999977 
s11 0.85052 0.999912 0.999954 0.999954 0.999974 0.999977 
s11 0.846089 0.999912 0.999954 0.999954 0.999974 0.999977 
s11 0.841703 0.999912 0.999954 0.999954 0.999974 0.999977 
s11 0.837351 0.999912 0.999954 0.999954 0.999974 0.999977 
s11 0.833042 0.999912 0.999954 0.999954 0.999974 0.999977 
s11 0.828771 0.999912 0.999954 0.999954 0.999974 0.999977 
s11 0.824535 0.999912 0.999954 0.999954 0.999974 0.999977 
s11 0.82034 0.999912 0.999954 0.999954 0.999974 0.999977 
s11 0.81618 0.999912 0.999954 0.999954 0.999974 0.999977 
s11 0.812058 0.999912 0.999954 0.999954 0.999974 0.999977 
s11 0.807969 0.999912 0.999954 0.999954 0.999974 0.999977 
s11 0.803917 0.999912 0.999954 0.999954 0.999974 0.999977 
s11 0.799899 0.999912 0.999954 0.999954 0.999974 0.999977 
s11 0.795917 0.999912 0.999954 0.999954 0.999974 0.999977 
s11 0.791965 0.999912 0.999954 0.999954 0.999974 0.999977 
s11 0.788053 0.999912 0.999954 0.999954 0.999974 0.999977 
s11 0.784172 0.999912 0.999954 0.999954 0.999974 0.999977 
s11 0.780322 0.999912 0.999954 0.999954 0.999974 0.999977 
s11 0.776503 0.999912 0.999954 0.999954 0.999974 0.999977 
s11 0.772717 0.999912 0.999954 0.999954 0.999974 0.999977 
s11 0.768967 0.999912 0.999954 0.999954 0.999974 0.999977 
s11 0.765242 0.999912 0.999954 0.999954 0.999974 0.999977 
s11 0.761549 0.999912 0.999954 0.999954 0.999974 0.999977 
s11 0.757889 0.999912 0.999954 0.999954 0.999974 0.999977 
s11 0.754254 0.999912 0.999954 0.999954 0.999974 0.999977 
s11 0.750655 0.999912 0.999954 0.999954 0.999974 0.999977 
s11 0.747083 0.999912 0.999954 0.999954 0.999974 0.999977 
s11 0.743538 0.999912 0.999954 0.999954 0.999974 0.999977 
s11 0.740024 0.999912 0.999954 0.999954 0.999974 0.999977 
s11 0.736539 0.999912 0.999954 0.999954 0.999974 0.999977 
s11 0.733079 0.999912 0.999954 0.999954 0.999974 0.999977 
s11 0.72965 0.999912 0.999954 0.999954 0.999974 0.999977 
s11 0.726246 0.999912 0.999954 0.999954 0.999974 0.999977 
s11 0.722864 0.999912 0.999954 0.999954 0.999974 0.999977 
s11 0.719516 0.999912 0.999954 0.999954 0.999974 0.999977 
s11 0.716191 0.999912 0.999954 0.999954 0.999974 0.999977 
s11 0.712894 0.999912 0.999954 0.999954 0.999974 0.999977 
s11 0.709621 0.999912 0.999954 0.999954 0.999974 0.999977 
s11 0.706373 0.999912 0.999954 0.999954 0.999974 0.999977 
s11 0.70315 0.999912 0.999954 0.999954 0.999974 0.999977 
s11 0.699953 0.999912 0.999954 0.999954 0.999974 0.999977 
s11 0.696781 0.999912 0.999954 0.999954 0.999974 0.999977 
s11 0.693633 0.999912 0.999954 0.999954 0.999974 0.999977 
s11 0.690509 0.999912 0.999954 0.999954 0.999974 0.999977 
s11 0.687407 0.999912 0.999954 0.999954 0.999974 0.999977 
s11 0.684332 0.999912 0.999954 0.999954 0.999974 0.999977 
s11 0.681279 0.999912 0.999954 0.999954 0.999974 0.999977 
s11 0.678249 0.999912 0.999954 0.999954 0.999974 0.999977 
s11 0.675239 0.999912 0.999954 0.999954 0.999974 0.999977 
s11 0.672256 0.999912 0.999954 0.999954 0.999974 0.999977 
s11 0.669292 0.999912 0.999954 0.999954 0.999974 0.999977 
s11 0.666351 0.999912 0.999954 0.999954 0.999974 0.999977 
s11 0.663433 0.999912 0.999954 0.999954 0.999974 0.999977 
s11 0.660535 0.999912 0.999954 0.999954 0.999974 0.999977 
s11 0.65766 0.999912 0.999954 0.999954 0.999974 0.999977 
s11 0.654804 0.999912 0.999954 0.999954 0.999974 0.999977 
s11 0.65197 0.999912 0.999954 0.999954 0.999974 0.999977 
s11 0.649157 0.999912 0.999954 0.999954 0.999974 0.999977 
s11 0.646363 0.999912 0.999954 0.999954 0.999974 0.999977 
s11 0.643591 0.999912 0.999954 0.999954 0.999974 0.999977 
s11 0.640838 0.999912 0.999954 0.999954 0.999974 0.999977 
s11 0.638105 0.999912 0.999954 0.999954 0.999974 0.999977 
s11 0.635393 0.999912 0.999954 0.999954 0.999974 0.999977 
s11 0.632698 0.999912 0.999954 0.999954 0.999974 0.999977 
s11 0.630025 0.999912 0.999954 0.999954 0.999974 0.999977 
s11 0.627369 0.999912 0.999954 0.999954 0.999974 0.999977 
s11 0.624733 0.999912 0.999954 0.999954 0.999974 0.999977 
s11 0.622115 0.999912 0.999954 0.999954 0.999974 0.999977 
s11 0.619518 0.999912 0.999954 0.999954 0.999974 0.999977 
s11 0.616936 0.999912 0.999954 0.999954 0.999974 0.999977 
s11 0.614374 0.999912 0.999954 0.999954 0.999974 0.999977 
