8 2
Pi_Orbs
-0.736826 -0.736826 -0.736826 4 
0.736826 0.736826 0.736826 4 
-0.361418 -0.350893 -0.350893 -0.350893 
0.361418 -0.350893 -0.350893 -0.350893 
-9.4211e-17 -0.409495 0.557218 -0.147722 
6.25351e-17 0.409495 -0.557218 0.147722 
1.84904e-17 0.406997 0.151135 -0.558132 
1.82751e-16 -0.406997 -0.151135 0.558132 
1.00056e-16 0.496303 -0.503617 0.00731413 
-1.33666e-16 0.496303 -0.503617 0.00731413 
4.77204e-17 -0.294986 -0.282318 0.577304 
1.76394e-16 -0.294986 -0.282318 0.577304 
0.607764 -0.208665 -0.208665 -0.208665 
-0.607764 -0.208665 -0.208665 -0.208665 
0.387137 -0.341626 -0.341626 -0.341626 
0.387137 0.341626 0.341626 0.341626 
-0.591714 -0.223514 -0.223514 -0.223514 
-0.591714 0.223514 0.223514 0.223514 
