    .100000E+02   -.129033E+01   -.129286E+01    .253186E-02    .000000E+01
    .200000E+02   -.129033E+01   -.130072E+01    .103899E-01    .000000E+01
    .300000E+02   -.129033E+01   -.131309E+01    .227594E-01    .000000E+01
    .400000E+02   -.129033E+01   -.132875E+01    .384217E-01    .000000E+01
    .500000E+02   -.129033E+01   -.134630E+01    .559673E-01    .000000E+01
    .600000E+02   -.129033E+01   -.136433E+01    .740001E-01    .000000E+01
    .700000E+02   -.129033E+01   -.138163E+01    .912973E-01    .000000E+01
    .800000E+02   -.129033E+01   -.139723E+01    .106904E+00    .000000E+01
    .900000E+02   -.129033E+01   -.141049E+01    .120163E+00    .000000E+01
    .100000E+03   -.129033E+01   -.142103E+01    .130703E+00    .000000E+01
    .110000E+03   -.129033E+01   -.142872E+01    .138391E+00    .000000E+01
    .120000E+03   -.129033E+01   -.143361E+01    .143279E+00    .000000E+01
    .130000E+03   -.129033E+01   -.143588E+01    .145547E+00    .000000E+01
    .140000E+03   -.129033E+01   -.143579E+01    .145460E+00    .000000E+01
    .150000E+03   -.129033E+01   -.143365E+01    .143324E+00    .000000E+01
    .160000E+03   -.129033E+01   -.142979E+01    .139461E+00    .000000E+01
    .170000E+03   -.129033E+01   -.142452E+01    .134188E+00    .000000E+01
    .180000E+03   -.129074E+01   -.142217E+01    .131434E+00    .000000E+01
    .190000E+03   -.129074E+01   -.142251E+01    .131770E+00    .000000E+01
    .200000E+03   -.129074E+01   -.142149E+01    .130747E+00    .000000E+01
    .210000E+03   -.129074E+01   -.141927E+01    .128535E+00    .000000E+01
    .220000E+03   -.129074E+01   -.141604E+01    .125304E+00    .000000E+01
    .230000E+03   -.129074E+01   -.141196E+01    .121218E+00    .000000E+01
    .240000E+03   -.129074E+01   -.140717E+01    .116434E+00    .000000E+01
    .250000E+03   -.129074E+01   -.140183E+01    .111094E+00    .000000E+01
    .260000E+03   -.129074E+01   -.139607E+01    .105329E+00    .000000E+01
    .270000E+03   -.129074E+01   -.138999E+01    .992563E-01    .000000E+01
    .280000E+03   -.129074E+01   -.138372E+01    .929771E-01    .000000E+01
    .290000E+03   -.129074E+01   -.137732E+01    .865817E-01    .000000E+01
    .300000E+03   -.129074E+01   -.137089E+01    .801477E-01    .000000E+01
    .310000E+03   -.129074E+01   -.136448E+01    .737420E-01    .000000E+01
    .320000E+03   -.129074E+01   -.135816E+01    .674217E-01    .000000E+01
    .330000E+03   -.129074E+01   -.135197E+01    .612354E-01    .000000E+01
    .340000E+03   -.129074E+01   -.134596E+01    .552246E-01    .000000E+01
    .350000E+03   -.129074E+01   -.134016E+01    .494243E-01    .000000E+01
    .360000E+03   -.129074E+01   -.133460E+01    .438644E-01    .000000E+01
    .370000E+03   -.129074E+01   -.132931E+01    .385701E-01    .000000E+01
    .380000E+03   -.129074E+01   -.132430E+01    .335627E-01    .000000E+01
    .390000E+03   -.129074E+01   -.131960E+01    .288606E-01    .000000E+01
    .400000E+03   -.129074E+01   -.131522E+01    .244789E-01    .000000E+01
    .410000E+03   -.129074E+01   -.131117E+01    .204309E-01    .000000E+01
    .420000E+03   -.129074E+01   -.130746E+01    .167276E-01    .000000E+01
    .430000E+03   -.129074E+01   -.130412E+01    .133783E-01    .000000E+01
    .440000E+03   -.129074E+01   -.130113E+01    .103907E-01    .000000E+01
    .450000E+03   -.129074E+01   -.129851E+01    .777150E-02    .000000E+01
    .460000E+03   -.129074E+01   -.129626E+01    .552589E-02    .000000E+01
    .470000E+03   -.129074E+01   -.129440E+01    .365824E-02    .000000E+01
    .480000E+03   -.129074E+01   -.129291E+01    .217196E-02    .000000E+01
    .490000E+03   -.129074E+01   -.129181E+01    .106965E-02    .000000E+01
    .500000E+03   -.129074E+01   -.129109E+01    .353184E-03    .000000E+01
    .510000E+03   -.129074E+01   -.129076E+01    .237483E-04    .000000E+01
    .520000E+03   -.129074E+01   -.129082E+01    .818790E-04    .000000E+01
    .530000E+03   -.129074E+01   -.129127E+01    .527481E-03    .000000E+01
    .540000E+03   -.129074E+01   -.129210E+01    .135983E-02    .000000E+01
    .550000E+03   -.129074E+01   -.129332E+01    .257753E-02    .000000E+01
    .560000E+03   -.129074E+01   -.129492E+01    .417850E-02    .000000E+01
    .570000E+03   -.129074E+01   -.129690E+01    .615992E-02    .000000E+01
    .580000E+03   -.129074E+01   -.129926E+01    .851808E-02    .000000E+01
    .590000E+03   -.129074E+01   -.130199E+01    .112484E-01    .000000E+01
    .600000E+03   -.129074E+01   -.130508E+01    .143452E-01    .000000E+01
    .610000E+03   -.129074E+01   -.130854E+01    .178016E-01    .000000E+01
    .620000E+03   -.129074E+01   -.131235E+01    .216093E-01    .000000E+01
    .630000E+03   -.129074E+01   -.131650E+01    .257586E-01    .000000E+01
    .640000E+03   -.129074E+01   -.132097E+01    .302379E-01    .000000E+01
    .650000E+03   -.129074E+01   -.132577E+01    .350333E-01    .000000E+01
    .660000E+03   -.129074E+01   -.133087E+01    .401288E-01    .000000E+01
    .670000E+03   -.129074E+01   -.133624E+01    .455052E-01    .000000E+01
    .680000E+03   -.129074E+01   -.134188E+01    .511400E-01    .000000E+01
    .690000E+03   -.129074E+01   -.134774E+01    .570068E-01    .000000E+01
    .700000E+03   -.129074E+01   -.135381E+01    .630742E-01    .000000E+01
    .710000E+03   -.129074E+01   -.136004E+01    .693053E-01    .000000E+01
    .720000E+03   -.129074E+01   -.136639E+01    .756567E-01    .000000E+01
    .730000E+03   -.129074E+01   -.137282E+01    .820774E-01    .000000E+01
    .740000E+03   -.129074E+01   -.137925E+01    .885072E-01    .000000E+01
    .750000E+03   -.129074E+01   -.138561E+01    .948765E-01    .000000E+01
    .760000E+03   -.129074E+01   -.139184E+01    .101104E+00    .000000E+01
    .770000E+03   -.129074E+01   -.139783E+01    .107096E+00    .000000E+01
    .780000E+03   -.129074E+01   -.140348E+01    .112746E+00    .000000E+01
    .790000E+03   -.129074E+01   -.140867E+01    .117933E+00    .000000E+01
    .800000E+03   -.129074E+01   -.141326E+01    .122524E+00    .000000E+01
    .810000E+03   -.129074E+01   -.141711E+01    .126370E+00    .000000E+01
    .820000E+03   -.129074E+01   -.142005E+01    .129314E+00    .000000E+01
    .830000E+03   -.129074E+01   -.142192E+01    .131187E+00    .000000E+01
    .840000E+03   -.129074E+01   -.142256E+01    .131819E+00    .000000E+01
    .850000E+03   -.129074E+01   -.142178E+01    .131044E+00    .000000E+01
    .860000E+03   -.129033E+01   -.142623E+01    .135900E+00    .000000E+01
    .870000E+03   -.129033E+01   -.143111E+01    .140783E+00    .000000E+01
    .880000E+03   -.129033E+01   -.143449E+01    .144161E+00    .000000E+01
    .890000E+03   -.129033E+01   -.143605E+01    .145717E+00    .000000E+01
    .900000E+03   -.129033E+01   -.143546E+01    .145128E+00    .000000E+01
    .910000E+03   -.129033E+01   -.143243E+01    .142098E+00    .000000E+01
    .920000E+03   -.129033E+01   -.142672E+01    .136385E+00    .000000E+01
    .930000E+03   -.129033E+01   -.141817E+01    .127839E+00    .000000E+01
    .940000E+03   -.129033E+01   -.140679E+01    .116460E+00    .000000E+01
    .950000E+03   -.129033E+01   -.139278E+01    .102445E+00    .000000E+01
    .960000E+03   -.129033E+01   -.137658E+01    .862493E-01    .000000E+01
    .970000E+03   -.129033E+01   -.135895E+01    .686178E-01    .000000E+01
    .980000E+03   -.129033E+01   -.134092E+01    .505923E-01    .000000E+01
    .990000E+03   -.129033E+01   -.132379E+01    .334608E-01    .000000E+01
    .100000E+04   -.129033E+01   -.130897E+01    .186426E-01    .000000E+01
