    .100000E+02   -.142255E+01   -.142255E+01    .352035E-07    .000000E+00
    .200000E+02   -.142255E+01   -.142255E+01    .147552E-06    .000000E+00
    .300000E+02   -.142255E+01   -.142255E+01    .334726E-06    .000000E+00
    .400000E+02   -.142255E+01   -.142255E+01    .592702E-06    .000000E+00
    .500000E+02   -.142255E+01   -.142255E+01    .915935E-06    .000000E+00
    .600000E+02   -.142255E+01   -.142255E+01    .129748E-05    .000000E+00
    .700000E+02   -.142255E+01   -.142255E+01    .172914E-05    .000000E+00
    .800000E+02   -.142255E+01   -.142255E+01    .220165E-05    .000000E+00
    .900000E+02   -.142255E+01   -.142255E+01    .270487E-05    .000000E+00
    .100000E+03   -.142255E+01   -.142255E+01    .322802E-05    .000000E+00
    .110000E+03   -.142255E+01   -.142255E+01    .375989E-05    .000000E+00
    .120000E+03   -.142255E+01   -.142255E+01    .428911E-05    .000000E+00
    .130000E+03   -.142255E+01   -.142256E+01    .480436E-05    .000000E+00
    .140000E+03   -.142255E+01   -.142256E+01    .529464E-05    .000000E+00
    .150000E+03   -.142255E+01   -.142256E+01    .574951E-05    .000000E+00
    .160000E+03   -.142255E+01   -.142256E+01    .615928E-05    .000000E+00
    .170000E+03   -.142255E+01   -.142256E+01    .651524E-05    .000000E+00
    .180000E+03   -.142255E+01   -.142256E+01    .680987E-05    .000000E+00
    .190000E+03   -.142255E+01   -.142256E+01    .703692E-05    .000000E+00
    .200000E+03   -.142255E+01   -.142256E+01    .719162E-05    .000000E+00
    .210000E+03   -.142255E+01   -.142256E+01    .727074E-05    .000000E+00
    .220000E+03   -.142255E+01   -.142256E+01    .727267E-05    .000000E+00
    .230000E+03   -.142255E+01   -.142256E+01    .719742E-05    .000000E+00
    .240000E+03   -.142255E+01   -.142256E+01    .704668E-05    .000000E+00
    .250000E+03   -.142255E+01   -.142256E+01    .682369E-05    .000000E+00
    .260000E+03   -.142255E+01   -.142256E+01    .653324E-05    .000000E+00
    .270000E+03   -.142255E+01   -.142256E+01    .618156E-05    .000000E+00
    .280000E+03   -.142255E+01   -.142256E+01    .577613E-05    .000000E+00
    .290000E+03   -.142255E+01   -.142256E+01    .532558E-05    .000000E+00
    .300000E+03   -.142255E+01   -.142256E+01    .483948E-05    .000000E+00
    .310000E+03   -.142255E+01   -.142256E+01    .432813E-05    .000000E+00
    .320000E+03   -.142255E+01   -.142255E+01    .380236E-05    .000000E+00
    .330000E+03   -.142255E+01   -.142255E+01    .327328E-05    .000000E+00
    .340000E+03   -.142255E+01   -.142255E+01    .275206E-05    .000000E+00
    .350000E+03   -.142255E+01   -.142255E+01    .224971E-05    .000000E+00
    .360000E+03   -.142255E+01   -.142255E+01    .177681E-05    .000000E+00
    .370000E+03   -.142255E+01   -.142255E+01    .134332E-05    .000000E+00
    .380000E+03   -.142255E+01   -.142255E+01    .958362E-06    .000000E+00
    .390000E+03   -.142255E+01   -.142255E+01    .630042E-06    .000000E+00
    .400000E+03   -.142255E+01   -.142255E+01    .365261E-06    .000000E+00
    .410000E+03   -.142255E+01   -.142255E+01    .169584E-06    .000000E+00
    .420000E+03   -.142255E+01   -.142255E+01    .471230E-07    .000000E+00
    .430000E+03   -.142255E+01   -.142255E+01    .449814E-09    .000000E+00
    .440000E+03   -.142255E+01   -.142255E+01    .305453E-07    .000000E+00
    .450000E+03   -.142255E+01   -.142255E+01    .136777E-06    .000000E+00
    .460000E+03   -.142255E+01   -.142255E+01    .316914E-06    .000000E+00
    .470000E+03   -.142255E+01   -.142255E+01    .567171E-06    .000000E+00
    .480000E+03   -.142255E+01   -.142255E+01    .882288E-06    .000000E+00
    .490000E+03   -.142255E+01   -.142255E+01    .125564E-05    .000000E+00
    .500000E+03   -.142255E+01   -.142255E+01    .167937E-05    .000000E+00
    .510000E+03   -.142255E+01   -.142255E+01    .214457E-05    .000000E+00
    .520000E+03   -.142255E+01   -.142255E+01    .264143E-05    .000000E+00
    .530000E+03   -.142255E+01   -.142255E+01    .315949E-05    .000000E+00
    .540000E+03   -.142255E+01   -.142255E+01    .368781E-05    .000000E+00
    .550000E+03   -.142255E+01   -.142255E+01    .421525E-05    .000000E+00
    .560000E+03   -.142255E+01   -.142256E+01    .473065E-05    .000000E+00
    .570000E+03   -.142255E+01   -.142256E+01    .522311E-05    .000000E+00
    .580000E+03   -.142255E+01   -.142256E+01    .568218E-05    .000000E+00
    .590000E+03   -.142255E+01   -.142256E+01    .609814E-05    .000000E+00
    .600000E+03   -.142255E+01   -.142256E+01    .646212E-05    .000000E+00
    .610000E+03   -.142255E+01   -.142256E+01    .676639E-05    .000000E+00
    .620000E+03   -.142255E+01   -.142256E+01    .700442E-05    .000000E+00
    .630000E+03   -.142255E+01   -.142256E+01    .717113E-05    .000000E+00
    .640000E+03   -.142255E+01   -.142256E+01    .726290E-05    .000000E+00
    .650000E+03   -.142255E+01   -.142256E+01    .727772E-05    .000000E+00
    .660000E+03   -.142255E+01   -.142256E+01    .721522E-05    .000000E+00
    .670000E+03   -.142255E+01   -.142256E+01    .707665E-05    .000000E+00
    .680000E+03   -.142255E+01   -.142256E+01    .686489E-05    .000000E+00
    .690000E+03   -.142255E+01   -.142256E+01    .658441E-05    .000000E+00
    .700000E+03   -.142255E+01   -.142256E+01    .624111E-05    .000000E+00
    .710000E+03   -.142255E+01   -.142256E+01    .584228E-05    .000000E+00
    .720000E+03   -.142255E+01   -.142256E+01    .539638E-05    .000000E+00
    .730000E+03   -.142255E+01   -.142256E+01    .491289E-05    .000000E+00
    .740000E+03   -.142255E+01   -.142256E+01    .440213E-05    .000000E+00
    .750000E+03   -.142255E+01   -.142255E+01    .387498E-05    .000000E+00
    .760000E+03   -.142255E+01   -.142255E+01    .334272E-05    .000000E+00
    .770000E+03   -.142255E+01   -.142255E+01    .281672E-05    .000000E+00
    .780000E+03   -.142255E+01   -.142255E+01    .230825E-05    .000000E+00
    .790000E+03   -.142255E+01   -.142255E+01    .182822E-05    .000000E+00
    .800000E+03   -.142255E+01   -.142255E+01    .138690E-05    .000000E+00
    .810000E+03   -.142255E+01   -.142255E+01    .993786E-06    .000000E+00
    .820000E+03   -.142255E+01   -.142255E+01    .657306E-06    .000000E+00
    .830000E+03   -.142255E+01   -.142255E+01    .384695E-06    .000000E+00
    .840000E+03   -.142255E+01   -.142255E+01    .181811E-06    .000000E+00
    .850000E+03   -.142255E+01   -.142255E+01    .530158E-07    .000000E+00
    .860000E+03   -.142255E+01   -.142255E+01    .108051E-08    .000000E+00
    .870000E+03   -.142255E+01   -.142255E+01    .271216E-07    .000000E+00
    .880000E+03   -.142255E+01   -.142255E+01    .130579E-06    .000000E+00
    .890000E+03   -.142255E+01   -.142255E+01    .309227E-06    .000000E+00
    .900000E+03   -.142255E+01   -.142255E+01    .559226E-06    .000000E+00
    .910000E+03   -.142255E+01   -.142255E+01    .875200E-06    .000000E+00
    .920000E+03   -.142255E+01   -.142255E+01    .125036E-05    .000000E+00
    .930000E+03   -.142255E+01   -.142255E+01    .167665E-05    .000000E+00
    .940000E+03   -.142255E+01   -.142255E+01    .214491E-05    .000000E+00
    .950000E+03   -.142255E+01   -.142255E+01    .264511E-05    .000000E+00
    .960000E+03   -.142255E+01   -.142255E+01    .316651E-05    .000000E+00
    .970000E+03   -.142255E+01   -.142255E+01    .369795E-05    .000000E+00
    .980000E+03   -.142255E+01   -.142255E+01    .422806E-05    .000000E+00
    .990000E+03   -.142255E+01   -.142256E+01    .474551E-05    .000000E+00
    .100000E+04   -.142255E+01   -.142256E+01    .523925E-05    .000000E+00
