    .100000E+02   -.142255E+01   -.142255E+01    .210770E-07    .000000E+00
    .200000E+02   -.142255E+01   -.142255E+01    .936220E-07    .000000E+00
    .300000E+02   -.142255E+01   -.142255E+01    .216860E-06    .000000E+00
    .400000E+02   -.142255E+01   -.142255E+01    .389010E-06    .000000E+00
    .500000E+02   -.142255E+01   -.142255E+01    .607620E-06    .000000E+00
    .600000E+02   -.142255E+01   -.142255E+01    .869560E-06    .000000E+00
    .700000E+02   -.142255E+01   -.142255E+01    .117110E-05    .000000E+00
    .800000E+02   -.142255E+01   -.142255E+01    .150780E-05    .000000E+00
    .900000E+02   -.142255E+01   -.142255E+01    .187500E-05    .000000E+00
    .100000E+03   -.142255E+01   -.142255E+01    .226740E-05    .000000E+00
    .110000E+03   -.142255E+01   -.142255E+01    .267930E-05    .000000E+00
    .120000E+03   -.142255E+01   -.142255E+01    .310490E-05    .000000E+00
    .130000E+03   -.142255E+01   -.142255E+01    .353810E-05    .000000E+00
    .140000E+03   -.142255E+01   -.142256E+01    .397280E-05    .000000E+00
    .150000E+03   -.142255E+01   -.142256E+01    .440260E-05    .000000E+00
    .160000E+03   -.142255E+01   -.142256E+01    .482150E-05    .000000E+00
    .170000E+03   -.142255E+01   -.142256E+01    .522350E-05    .000000E+00
    .180000E+03   -.142255E+01   -.142256E+01    .560290E-05    .000000E+00
    .190000E+03   -.142255E+01   -.142256E+01    .595430E-05    .000000E+00
    .200000E+03   -.142255E+01   -.142256E+01    .627260E-05    .000000E+00
    .210000E+03   -.142255E+01   -.142256E+01    .655350E-05    .000000E+00
    .220000E+03   -.142255E+01   -.142256E+01    .679280E-05    .000000E+00
    .230000E+03   -.142255E+01   -.142256E+01    .698730E-05    .000000E+00
    .240000E+03   -.142255E+01   -.142256E+01    .713410E-05    .000000E+00
    .250000E+03   -.142255E+01   -.142256E+01    .723130E-05    .000000E+00
    .260000E+03   -.142255E+01   -.142256E+01    .727740E-05    .000000E+00
    .270000E+03   -.142255E+01   -.142256E+01    .727180E-05    .000000E+00
    .280000E+03   -.142255E+01   -.142256E+01    .721460E-05    .000000E+00
    .290000E+03   -.142255E+01   -.142256E+01    .710680E-05    .000000E+00
    .300000E+03   -.142255E+01   -.142256E+01    .694970E-05    .000000E+00
    .310000E+03   -.142255E+01   -.142256E+01    .674580E-05    .000000E+00
    .320000E+03   -.142255E+01   -.142256E+01    .649780E-05    .000000E+00
    .330000E+03   -.142255E+01   -.142256E+01    .620940E-05    .000000E+00
    .340000E+03   -.142255E+01   -.142256E+01    .588460E-05    .000000E+00
    .350000E+03   -.142255E+01   -.142256E+01    .552810E-05    .000000E+00
    .360000E+03   -.142255E+01   -.142256E+01    .514490E-05    .000000E+00
    .370000E+03   -.142255E+01   -.142256E+01    .474040E-05    .000000E+00
    .380000E+03   -.142255E+01   -.142256E+01    .432050E-05    .000000E+00
    .390000E+03   -.142255E+01   -.142256E+01    .389100E-05    .000000E+00
    .400000E+03   -.142255E+01   -.142255E+01    .345800E-05    .000000E+00
    .410000E+03   -.142255E+01   -.142255E+01    .302760E-05    .000000E+00
    .420000E+03   -.142255E+01   -.142255E+01    .260600E-05    .000000E+00
    .430000E+03   -.142255E+01   -.142255E+01    .219900E-05    .000000E+00
    .440000E+03   -.142255E+01   -.142255E+01    .181250E-05    .000000E+00
    .450000E+03   -.142255E+01   -.142255E+01    .145180E-05    .000000E+00
    .460000E+03   -.142255E+01   -.142255E+01    .112210E-05    .000000E+00
    .470000E+03   -.142255E+01   -.142255E+01    .827970E-06    .000000E+00
    .480000E+03   -.142255E+01   -.142255E+01    .573600E-06    .000000E+00
    .490000E+03   -.142255E+01   -.142255E+01    .362560E-06    .000000E+00
    .500000E+03   -.142255E+01   -.142255E+01    .197820E-06    .000000E+00
    .510000E+03   -.142255E+01   -.142255E+01    .817090E-07    .000000E+00
    .520000E+03   -.142255E+01   -.142255E+01    .158550E-07    .000000E+00
    .530000E+03   -.142255E+01   -.142255E+01    .118730E-08    .000000E+00
    .540000E+03   -.142255E+01   -.142255E+01    .379120E-07    .000000E+00
    .550000E+03   -.142255E+01   -.142255E+01    .125510E-06    .000000E+00
    .560000E+03   -.142255E+01   -.142255E+01    .262750E-06    .000000E+00
    .570000E+03   -.142255E+01   -.142255E+01    .447700E-06    .000000E+00
    .580000E+03   -.142255E+01   -.142255E+01    .677760E-06    .000000E+00
    .590000E+03   -.142255E+01   -.142255E+01    .949680E-06    .000000E+00
    .600000E+03   -.142255E+01   -.142255E+01    .125960E-05    .000000E+00
    .610000E+03   -.142255E+01   -.142255E+01    .160330E-05    .000000E+00
    .620000E+03   -.142255E+01   -.142255E+01    .197570E-05    .000000E+00
    .630000E+03   -.142255E+01   -.142255E+01    .237170E-05    .000000E+00
    .640000E+03   -.142255E+01   -.142255E+01    .278570E-05    .000000E+00
    .650000E+03   -.142255E+01   -.142255E+01    .321180E-05    .000000E+00
    .660000E+03   -.142255E+01   -.142255E+01    .364400E-05    .000000E+00
    .670000E+03   -.142255E+01   -.142256E+01    .407630E-05    .000000E+00
    .680000E+03   -.142255E+01   -.142256E+01    .450240E-05    .000000E+00
    .690000E+03   -.142255E+01   -.142256E+01    .491640E-05    .000000E+00
    .700000E+03   -.142255E+01   -.142256E+01    .531240E-05    .000000E+00
    .710000E+03   -.142255E+01   -.142256E+01    .568480E-05    .000000E+00
    .720000E+03   -.142255E+01   -.142256E+01    .602830E-05    .000000E+00
    .730000E+03   -.142255E+01   -.142256E+01    .633800E-05    .000000E+00
    .740000E+03   -.142255E+01   -.142256E+01    .660950E-05    .000000E+00
    .750000E+03   -.142255E+01   -.142256E+01    .683900E-05    .000000E+00
    .760000E+03   -.142255E+01   -.142256E+01    .702310E-05    .000000E+00
    .770000E+03   -.142255E+01   -.142256E+01    .715920E-05    .000000E+00
    .780000E+03   -.142255E+01   -.142256E+01    .724550E-05    .000000E+00
    .790000E+03   -.142255E+01   -.142256E+01    .728050E-05    .000000E+00
    .800000E+03   -.142255E+01   -.142256E+01    .726390E-05    .000000E+00
    .810000E+03   -.142255E+01   -.142256E+01    .719570E-05    .000000E+00
    .820000E+03   -.142255E+01   -.142256E+01    .707700E-05    .000000E+00
    .830000E+03   -.142255E+01   -.142256E+01    .690950E-05    .000000E+00
    .840000E+03   -.142255E+01   -.142256E+01    .669530E-05    .000000E+00
    .850000E+03   -.142255E+01   -.142256E+01    .643770E-05    .000000E+00
    .860000E+03   -.142255E+01   -.142256E+01    .614020E-05    .000000E+00
    .870000E+03   -.142255E+01   -.142256E+01    .580710E-05    .000000E+00
    .880000E+03   -.142255E+01   -.142256E+01    .544300E-05    .000000E+00
    .890000E+03   -.142255E+01   -.142256E+01    .505320E-05    .000000E+00
    .900000E+03   -.142255E+01   -.142256E+01    .464330E-05    .000000E+00
    .910000E+03   -.142255E+01   -.142256E+01    .421890E-05    .000000E+00
    .920000E+03   -.142255E+01   -.142255E+01    .378630E-05    .000000E+00
    .930000E+03   -.142255E+01   -.142255E+01    .335150E-05    .000000E+00
    .940000E+03   -.142255E+01   -.142255E+01    .292080E-05    .000000E+00
    .950000E+03   -.142255E+01   -.142255E+01    .250030E-05    .000000E+00
    .960000E+03   -.142255E+01   -.142255E+01    .209610E-05    .000000E+00
    .970000E+03   -.142255E+01   -.142255E+01    .171390E-05    .000000E+00
    .980000E+03   -.142255E+01   -.142255E+01    .135910E-05    .000000E+00
    .990000E+03   -.142255E+01   -.142255E+01    .103700E-05    .000000E+00
    .100000E+04   -.142255E+01   -.142255E+01    .751950E-06    .000000E+00
