2

C -0.496558 -0.496558 -0.496558 6
C 0.496558 0.496558 0.496558 6
2

C -0.486590 -0.486590 -0.486590 6
C 0.486590 0.486590 0.486590 6
2

C -0.470388 -0.470388 -0.470388 6
C 0.470388 0.470388 0.470388 6
2

C -0.448559 -0.448559 -0.448559 6
C 0.448559 0.448559 0.448559 6
2

C -0.422268 -0.422268 -0.422268 6
C 0.422268 0.422268 0.422268 6
2

C -0.393619 -0.393619 -0.393619 6
C 0.393619 0.393619 0.393619 6
2

C -0.363392 -0.363392 -0.363392 6
C 0.363392 0.363392 0.363392 6
2

C -0.332848 -0.332848 -0.332848 6
C 0.332848 0.332848 0.332848 6
2

C -0.309304 -0.309304 -0.309304 6
C 0.309304 0.309304 0.309304 6
2

C -0.301336 -0.301336 -0.301336 6
C 0.301336 0.301336 0.301336 6
