2

C 0.000131 0.000131 0.000131 6
C -0.000131 -0.000131 -0.000131 6
2

C 0.000258 0.000258 0.000258 6
C -0.000258 -0.000258 -0.000258 6
2

C 0.000377 0.000377 0.000377 6
C -0.000377 -0.000377 -0.000377 6
2

C 0.000480 0.000480 0.000480 6
C -0.000480 -0.000480 -0.000480 6
2

C 0.000552 0.000552 0.000552 6
C -0.000552 -0.000552 -0.000552 6
2

C 0.000570 0.000570 0.000570 6
C -0.000570 -0.000570 -0.000570 6
2

C 0.000620 0.000620 0.000620 6
C -0.000620 -0.000620 -0.000620 6
2

C 0.000567 0.000567 0.000567 6
C -0.000567 -0.000567 -0.000567 6
2

C 0.000344 0.000344 0.000344 6
C -0.000344 -0.000344 -0.000344 6
2

C -0.000028 -0.000028 -0.000028 6
C 0.000028 0.000028 0.000028 6
